-5.773502691896258421e-01 -5.773502691896258421e-01 5.773502691896258421e-01
-6.666666666666666297e-01 -3.333333333333333148e-01 6.666666666666666297e-01
-7.071067811865474617e-01 0.000000000000000000e+00 7.071067811865474617e-01
-6.666666666666666297e-01 3.333333333333333148e-01 6.666666666666666297e-01
-5.773502691896258421e-01 5.773502691896258421e-01 5.773502691896258421e-01
-3.333333333333333148e-01 -6.666666666666666297e-01 6.666666666666666297e-01
-4.082482904638630727e-01 -4.082482904638630727e-01 8.164965809277261455e-01
-4.472135954999579277e-01 0.000000000000000000e+00 8.944271909999158554e-01
-4.082482904638630727e-01 4.082482904638630727e-01 8.164965809277261455e-01
-3.333333333333333148e-01 6.666666666666666297e-01 6.666666666666666297e-01
0.000000000000000000e+00 -7.071067811865474617e-01 7.071067811865474617e-01
0.000000000000000000e+00 -4.472135954999579277e-01 8.944271909999158554e-01
0.000000000000000000e+00 0.000000000000000000e+00 1.000000000000000000e+00
0.000000000000000000e+00 4.472135954999579277e-01 8.944271909999158554e-01
0.000000000000000000e+00 7.071067811865474617e-01 7.071067811865474617e-01
3.333333333333333148e-01 -6.666666666666666297e-01 6.666666666666666297e-01
4.082482904638630727e-01 -4.082482904638630727e-01 8.164965809277261455e-01
4.472135954999579277e-01 0.000000000000000000e+00 8.944271909999158554e-01
4.082482904638630727e-01 4.082482904638630727e-01 8.164965809277261455e-01
3.333333333333333148e-01 6.666666666666666297e-01 6.666666666666666297e-01
5.773502691896258421e-01 -5.773502691896258421e-01 5.773502691896258421e-01
6.666666666666666297e-01 -3.333333333333333148e-01 6.666666666666666297e-01
7.071067811865474617e-01 0.000000000000000000e+00 7.071067811865474617e-01
6.666666666666666297e-01 3.333333333333333148e-01 6.666666666666666297e-01
5.773502691896258421e-01 5.773502691896258421e-01 5.773502691896258421e-01
